Estación:       XALAPAob,  VER
Operada por:    SMN ESIME
Longitud:       96°54'14"  Longitud: 19°30'43  Altitud: 1360

DD/MM/AAAA HH:MM      DIRS      DIRR  RAPVIENTO2  RAPRAFAGA2      TEMP        HR        PB      PREC   RAD-SOL
02/10/2014 17:00         106         268        1.60        3.80        25.7          60       865.2         0.0       646.0
02/10/2014 17:10         112         270        2.40        4.80        25.6          60       865.2         0.0       561.0
02/10/2014 17:20          94         269        2.00        3.80        25.1          63       865.2         0.0       664.0
02/10/2014 17:30          72         169        1.30        3.60        26.5          60       865.1         0.0       762.0
02/10/2014 17:40          60         165        1.70        5.00        26.8          62       865.0         0.0       887.0
02/10/2014 17:50          90         146        2.00        4.70        26.7          65       864.9         0.0       349.0
02/10/2014 18:00         103         185        2.50        5.20        25.2          69       864.9         0.0       802.0
02/10/2014 18:10         104         181        2.20        4.50        24.9          70       864.8         0.0       231.0
02/10/2014 18:20          98         148        2.30        4.70        23.8          74       864.8         0.0       230.0
02/10/2014 18:30          84         180        1.50        3.50        23.6          75       864.6         0.0       404.0
02/10/2014 18:40          84         272        1.30        3.50        24.6          71       864.6         0.0       745.0
02/10/2014 18:50          75         258        1.30        3.30        25.5          66       864.5         0.0       378.0
02/10/2014 19:00          78         169        1.50        3.80        26.1          61       864.3         0.0       990.0
02/10/2014 19:10         116         182        1.70        4.30        26.8          61       864.3         0.0       791.0
02/10/2014 19:20          99         187        2.00        4.60        24.8          70       864.3         0.0       231.0
02/10/2014 19:30         101         174        1.90        4.80        24.7          72       864.2         0.0       426.0
02/10/2014 19:40          99         253        2.20        4.40        24.7          70       864.1         0.0       612.0
02/10/2014 19:50         107         232        1.90        4.20        25.6          70       864.0         0.0       534.0
02/10/2014 20:00          97         211        1.90        4.50        26.1          67       863.9         0.0       411.0
02/10/2014 20:10          88         172        1.80        4.40        24.7          69       863.9         0.0       378.0
02/10/2014 20:20          97         179        2.10        4.00        25.1          69       863.8         0.0       419.0
02/10/2014 20:30         101         223        2.50        4.70        24.6          69       863.7         0.0       372.0
02/10/2014 20:40         122         202        2.90        6.00        24.6          70       863.6         0.0       430.0
02/10/2014 20:50         104         196        1.90        4.10        24.0          72       863.5         0.0       210.0
02/10/2014 21:00          84         141        1.70        3.50        23.4          75       863.5         0.0       196.0
02/10/2014 21:10         100         200        1.30        3.00        23.8          73       863.4         0.0       255.0
02/10/2014 21:20         110         239        1.90        4.00        23.9          72       863.3         0.0       253.0
02/10/2014 21:30         116         230        2.00        4.10        22.9          80       863.3         0.0       106.0
02/10/2014 21:40         128         241        2.10        4.40        22.3          84       863.4         0.0       155.0
02/10/2014 21:50         118         218        1.70        3.80        22.4          85       863.5         0.0       230.0
02/10/2014 22:00         112         269        1.50        3.70        22.1          85       863.4         0.0        65.0
02/10/2014 22:10          97         153        1.90        3.80        21.4          89       863.6         0.0        42.0
02/10/2014 22:20         117         297        1.70        4.20        21.3          89       863.6         0.0        73.0
02/10/2014 22:30          98         249        1.70        4.50        21.1          91       863.7         0.0        25.0
02/10/2014 22:40         110         221        1.50        3.50        20.6          93       863.7         0.0        15.0
02/10/2014 22:50         106         260        1.60        3.70        20.5          94       863.7         0.0        13.0
02/10/2014 23:00          98         258        1.40        3.20        20.4          94       863.9         0.0        20.0
02/10/2014 23:10          97         212        1.50        2.90        20.3          94       863.9         0.0        13.0
02/10/2014 23:20         100         188        1.60        3.10        20.3          95       863.9         0.0        15.0
02/10/2014 23:30         109         245        1.70        3.30        20.1          95       864.1         0.0         8.0
02/10/2014 23:40         110         208        1.40        3.30        20.0          95       864.3         0.0         3.0
02/10/2014 23:50         126         313        1.00        2.30        19.9          95       864.4         0.0         2.0
03/10/2014 00:00         121         194        1.40        3.10        19.9          94       864.6         0.0         1.0
03/10/2014 00:10         101         142        1.40        3.00        19.7          94       864.6         0.0         1.0
03/10/2014 00:20         102         196        1.20        2.30        19.8          95       864.7         0.0         0.0
03/10/2014 00:30         100         204        1.20        2.30        19.7          96       864.8         0.0         0.0
03/10/2014 00:40         114         222        1.20        2.50        19.7          97       864.9         0.0        -1.0
03/10/2014 00:50         122         209        1.10        2.10        19.6          97       865.0         0.0         0.0
03/10/2014 01:00         138         278        1.00        2.10        19.6          97       865.1         0.0         0.0
03/10/2014 01:10         158         328        0.70        2.00        19.4          98       865.2         0.0        -1.0
03/10/2014 01:20         110         174        0.80        1.70        19.3          98       865.4         0.0        -1.0
03/10/2014 01:30         132         348        0.90        2.00        19.4          98       865.6         0.0         0.0
03/10/2014 01:40         185         242        1.10        2.60        19.3          98       865.7         0.0         0.0
03/10/2014 01:50         188         237        1.00        2.00        19.2          99       865.8         0.0        -1.0
03/10/2014 02:00         174         245        0.90        2.00        19.2          99       865.9         0.0         0.0
03/10/2014 02:10         172         314        0.80        1.80        19.2          98       866.1         0.0         0.0
03/10/2014 02:20         241         349        0.50        1.10        19.2          98       866.2         0.0        -1.0
03/10/2014 02:30         254         360        0.60        1.20        19.1          98       866.4         0.0        -1.0
03/10/2014 02:40         259         318        1.00        1.80        19.0          99       866.6         0.0        -1.0
03/10/2014 02:50         242         299        1.00        2.00        19.1          99       866.7         0.0        -1.0
03/10/2014 03:00         223         300        1.10        2.40        19.1          99       866.8         0.0         0.0
03/10/2014 03:10         215         299        1.00        2.20        19.2          99       866.8         0.0         0.0
03/10/2014 03:20         201         255        1.00        2.30        19.2          99       867.0         0.0         0.0
03/10/2014 03:30         212         262        1.30        2.40        19.2          99       867.1         0.0         0.0
03/10/2014 03:40         217         298        1.10        2.40        19.2          99       867.2         0.0         0.0
03/10/2014 03:50         247         309        1.00        2.10        19.2          99       867.2         0.0         0.0
03/10/2014 04:00         253         315        1.20        2.50        19.3          99       867.1         0.0         0.0
03/10/2014 04:10         254         324        1.30        2.80        19.3          99       867.0         0.0         0.0
03/10/2014 04:20         252         320        1.30        2.90        19.3          99       867.0         0.0         0.0
03/10/2014 04:30         258          41        1.10        2.00        19.3          99       867.0         0.0        -1.0
03/10/2014 04:40         248         326        1.20        2.40        19.1          99       867.0         0.0        -1.0
03/10/2014 04:50         257         319        1.30        2.50        19.1          99       867.0         0.0         0.0
03/10/2014 05:00         266         328        1.30        2.40        19.1          99       867.0         0.0        -1.0
03/10/2014 05:10         265           9        1.10        2.10        19.2          99       866.9         0.0        -1.0
03/10/2014 05:20         259         293        1.30        2.60        19.1          99       866.8         0.0        -1.0
03/10/2014 05:30         226         285        0.90        1.70        19.1          99       866.8         0.0        -1.0
03/10/2014 05:40         224         289        0.80        1.20        19.1          99       866.7         0.0        -1.0
03/10/2014 05:50         231         280        0.60        1.20        19.1          99       866.7         0.0         0.0
03/10/2014 06:00         225         274        0.60        1.20        19.2          99       866.7         0.0        -1.0
03/10/2014 06:10         237         286        1.00        1.90        19.1          98       866.6         0.0        -1.0
03/10/2014 06:20         220         348        0.70        1.70        19.1          97       866.5         0.0        -1.0
03/10/2014 06:30         246         299        0.70        1.40        19.0          98       866.4         0.0        -1.0
03/10/2014 06:40         208         265        0.90        2.00        18.8          98       866.5         0.0        -1.0
03/10/2014 06:50         111         217        0.50        2.00        18.9          98       866.5         0.0        -1.0
03/10/2014 07:00         299          35        0.60        1.30        18.9          98       866.5         0.0        -1.0
03/10/2014 07:10         241         286        0.60        1.50        18.9          99       866.5         0.0        -1.0
03/10/2014 07:20         218         281        0.90        1.80        19.1          97       866.5         0.0        -1.0
03/10/2014 07:30         145         261        0.60        1.50        19.3          96       866.6         0.0        -1.0
03/10/2014 07:40         141         260        0.60        1.50        19.3          96       866.5         0.0         0.0
03/10/2014 07:50         229          84        0.50        1.40        19.3          96       866.4         0.0        -1.0
03/10/2014 08:00           0           0        0.00        0.00        19.2          97       866.3         0.0        -1.0
03/10/2014 08:10         250         294        0.70        1.50        19.0          97       866.2         0.0        -1.0
03/10/2014 08:20         257         319        0.80        1.60        19.0          98       866.2         0.0        -1.0
03/10/2014 08:30         253         315        0.90        1.60        19.0          98       866.1         0.0        -1.0
03/10/2014 08:40         224         273        1.00        1.80        19.0          98       866.2         0.0        -1.0
03/10/2014 08:50         244         281        0.70        1.20        18.9          98       866.2         0.0        -1.0
03/10/2014 09:00         243         273        0.90        1.70        18.8          98       866.2         0.0        -1.0
03/10/2014 09:10         262         282        1.00        1.80        18.7          99       866.2         0.0        -1.0
03/10/2014 09:20         238         290        1.00        1.60        18.6          99       866.1         0.0        -1.0
03/10/2014 09:30           0           0        0.00        0.00        18.4          99       866.1         0.0        -1.0
03/10/2014 09:40           0           0        0.00        0.00        18.2          99       866.0         0.0        -1.0
03/10/2014 09:50          10          44        0.80        1.20        18.3         100       866.0         0.0        -1.0
03/10/2014 10:00          36         130        0.90        1.60        18.2         100       865.9         0.0        -1.0
03/10/2014 10:10          25         173        0.80        1.80        18.0         100       865.9         0.0        -1.0
03/10/2014 10:20         357          47        1.20        2.20        18.1         100       866.1         0.0        -1.0
03/10/2014 10:30         311         345        1.10        1.90        18.1         100       866.0         0.0        -1.0
03/10/2014 10:40         278          43        0.70        1.90        18.4         100       866.1         0.0        -1.0
03/10/2014 10:50           0           0        0.00        0.00        18.2         100       866.2         0.0        -1.0
03/10/2014 11:00         215         232        0.90        1.30        18.2         100       866.3         0.0        -1.0
03/10/2014 11:10         238         307        0.60        1.20        18.2          99       866.4         0.0        -1.0
03/10/2014 11:20           0           0        0.00        0.00        18.3          99       866.6         0.0        -1.0
03/10/2014 11:30         111         159        0.60        1.20        18.3          99       866.6         0.0        -1.0
03/10/2014 11:40           0           0        0.00        0.00        18.1          98       866.8         0.0        -1.0
03/10/2014 11:50         236         259        0.60        0.90        17.8          99       867.0         0.0        -1.0
03/10/2014 12:00         226         247        0.90        1.20        17.7          99       867.1         0.0        -1.0
03/10/2014 12:10         206         233        0.80        1.20        17.7          99       867.3         0.0         0.0
03/10/2014 12:20         226         287        0.90        2.20        17.8         100       867.4         0.0         3.0
03/10/2014 12:30         262         321        1.10        2.40        17.5          99       867.5         0.0        11.0
03/10/2014 12:40         268         313        0.70        1.80        17.3          98       867.6         0.0        17.0
03/10/2014 12:50         271         332        0.80        1.20        17.3          96       867.7         0.0        24.0
03/10/2014 13:00         213         308        0.60        1.20        17.5          96       867.8         0.0        36.0
03/10/2014 13:10         264         288        0.80        1.40        17.5          97       867.8         0.0        50.0
03/10/2014 13:20         278           3        0.60        1.20        17.6          97       867.8         0.0        44.0
03/10/2014 13:30         351          33        0.80        1.40        17.9          96       867.8         0.0        55.0
03/10/2014 13:40           0           0        0.00        0.00        18.3          96       867.9         0.0        64.0
03/10/2014 13:50           0           0        0.00        0.00        20.0          91       867.9         0.0       308.0
03/10/2014 14:00          58         194        1.00        2.00        21.8          81       867.9         0.0       349.0
03/10/2014 14:10          85         276        1.00        2.00        22.8          76       867.9         0.0       383.0
03/10/2014 14:20          86         202        1.00        2.10        22.8          75       868.1         0.0       136.0
03/10/2014 14:30          75         222        0.80        2.30        23.2          74       868.2         0.0       311.0
03/10/2014 14:40          63         208        0.90        2.70        22.2          79       868.2         0.0       576.0
03/10/2014 14:50          68         214        1.10        3.10        24.2          70       868.2         0.0       567.0
03/10/2014 15:00          80         194        1.30        3.20        24.4          68       868.3         0.0       476.0
03/10/2014 15:10          71         229        1.10        2.60        23.9          69       868.3         0.0       794.0
03/10/2014 15:20         116         257        1.20        2.70        24.5          66       868.4         0.0       760.0
03/10/2014 15:30         138         351        0.70        1.90        26.2          65       868.3         0.0       719.0
03/10/2014 15:40          61         278        0.80        2.80        25.9          62       868.1         0.0       808.0
03/10/2014 15:50          12         195        1.20        2.80        25.8          64       868.1         0.0       304.0
03/10/2014 16:00          27         124        1.30        3.00        23.7          72       868.0         0.0       207.0
03/10/2014 16:10          64         153        1.20        2.50        24.3          69       867.9         0.0       702.0
03/10/2014 16:20          73         179        1.30        2.80        25.1          65       868.0         0.0       598.0
03/10/2014 16:30          75         153        1.40        3.10        24.7          70       868.0         0.0       536.0
03/10/2014 16:40          61         155        1.60        3.60        25.5          69       868.0         0.0       959.0
03/10/2014 16:50          80         268        1.40        3.40        26.8          64       867.9         0.0      1044.0
